0 1
0 2
0 3
0 4
0 5
1 2
1 3
1 4
1 5
1 6
2 3
2 4
2 5
3 4
3 5
3 6
4 5
4 6
6 7
6 8
6 9
6 17
7 8
7 9
7 10
7 17
8 9
8 10
8 17
9 10
9 17
10 11
10 17
11 12
11 13
11 17
11 21
12 13
12 14
12 16
12 19
12 21
12 23
13 14
13 15
13 16
13 18
13 35
14 15
14 16
14 18
14 35
15 16
15 18
15 35
16 18
18 33
18 35
19 20
19 21
19 22
19 23
19 24
19 28
19 50
19 51
20 21
20 22
20 23
20 24
20 50
20 51
21 23
22 23
22 24
22 25
22 26
22 28
22 51
23 24
23 25
23 26
23 28
24 50
24 51
25 26
25 27
25 28
26 27
26 28
27 28
27 29
27 31
27 32
29 30
29 31
29 32
29 34
30 31
30 32
30 33
30 34
30 37
30 48
31 32
31 34
32 33
32 34
33 34
33 36
33 37
33 48
34 37
34 48
36 37
36 38
36 43
36 48
37 43
37 48
38 39
38 40
38 42
38 43
38 47
39 40
39 41
39 42
39 44
39 45
39 46
39 47
40 41
40 42
40 43
40 47
41 42
41 44
41 45
41 46
41 49
42 47
43 47
44 45
44 46
44 49
44 55
45 46
45 49
46 49
49 52
50 51
52 53
52 55
52 56
53 54
53 55
53 56
54 55
54 56
56 57
57 58
57 59
58 59
