0 1
0 2
0 3
0 4
0 5
0 6
0 7
0 10
0 54
0 475
1 2
1 3
1 4
1 5
1 6
1 7
1 8
1 10
1 12
1 475
2 3
2 4
2 5
2 6
2 7
2 10
2 54
2 475
3 4
3 5
3 6
3 7
3 8
3 10
3 12
3 13
4 5
4 6
4 7
4 8
4 10
4 11
4 12
4 13
4 15
4 16
4 17
4 29
5 6
5 7
5 8
5 10
5 475
6 7
6 10
6 13
6 15
6 17
6 29
7 10
7 54
7 475
8 9
8 10
8 11
8 12
8 13
8 15
8 404
9 10
9 11
9 12
9 13
9 14
9 15
9 19
9 52
9 404
10 11
10 12
10 13
10 15
10 17
11 12
11 13
11 14
11 15
11 16
11 17
11 19
11 22
11 52
11 404
12 13
12 14
12 15
12 404
13 14
13 15
13 16
13 17
13 22
14 15
14 16
14 18
14 19
14 22
14 36
14 52
14 399
14 404
14 465
14 466
14 471
15 16
15 17
15 22
16 17
16 22
16 36
17 22
17 28
17 29
18 19
18 20
18 36
18 52
18 399
18 404
18 465
18 466
18 471
19 52
19 404
19 465
19 466
19 471
20 21
20 27
20 35
20 36
20 399
20 466
21 22
21 23
21 27
21 35
21 36
21 399
21 407
21 472
21 493
21 497
22 27
22 35
22 36
22 52
22 399
22 466
22 472
23 24
23 25
23 26
23 27
23 35
23 405
23 406
23 407
23 472
23 493
23 495
23 497
24 25
24 26
24 28
24 29
24 47
24 358
24 405
24 406
24 430
25 26
25 28
25 47
25 358
25 405
25 406
25 430
26 30
26 33
26 47
26 405
26 406
26 430
26 495
27 35
27 36
27 399
27 407
27 472
27 493
27 497
28 29
28 38
28 47
28 358
28 406
28 430
29 38
29 358
29 430
30 31
30 32
30 33
30 34
30 37
30 59
30 64
30 385
31 32
31 33
31 34
31 37
31 49
31 50
31 59
31 60
31 385
32 33
32 34
32 37
32 49
32 50
32 59
32 60
32 382
32 385
33 34
33 47
33 59
33 64
33 385
34 37
34 49
34 50
34 59
34 60
34 382
34 385
34 484
35 36
35 399
35 407
35 472
35 493
35 497
36 52
36 399
36 466
36 471
36 472
37 49
37 50
37 59
37 60
37 382
37 484
37 498
38 39
38 40
38 42
38 48
38 63
38 358
38 430
39 40
39 41
39 42
39 43
39 45
39 48
39 51
39 54
39 61
40 41
40 42
40 48
40 58
40 61
40 63
41 42
41 43
41 44
41 45
41 46
41 48
41 51
41 54
41 58
41 61
41 244
41 477
42 48
42 58
42 61
42 63
43 44
43 45
43 46
43 48
43 51
43 58
43 61
43 244
43 477
44 45
44 46
44 51
44 53
44 55
44 56
44 57
44 214
44 230
44 244
44 477
45 46
45 51
45 244
45 477
46 51
46 53
46 55
46 56
46 57
46 214
46 230
46 244
46 477
47 62
47 63
47 358
47 430
48 58
48 61
49 50
49 60
49 379
49 382
49 391
49 484
49 496
49 498
50 59
50 60
50 379
50 382
50 484
50 496
50 498
51 53
51 56
51 57
51 214
51 244
51 477
52 404
52 465
52 466
52 471
53 54
53 55
53 56
53 57
53 214
53 475
54 57
54 475
55 56
55 57
55 214
55 260
56 57
56 214
56 244
56 260
57 214
57 244
58 61
58 66
59 60
59 64
59 385
60 379
60 382
60 385
60 484
60 496
60 498
61 66
62 63
62 64
62 65
62 66
62 95
62 177
62 481
63 64
63 65
63 66
63 177
63 481
64 65
64 68
64 95
64 177
64 385
64 393
64 481
65 66
65 67
65 68
65 95
65 177
65 210
65 389
65 393
65 481
66 95
66 177
66 481
67 68
67 69
67 95
67 177
67 210
67 215
67 222
67 389
67 393
67 481
68 95
68 177
68 210
68 388
68 389
68 393
68 481
69 70
69 75
69 77
69 79
69 189
69 208
69 210
69 215
69 222
70 71
70 75
70 77
70 79
70 189
70 208
70 211
70 215
70 222
70 254
71 72
71 77
71 85
71 86
71 98
71 211
71 356
71 443
72 73
72 74
72 78
72 85
72 86
72 98
72 261
72 356
72 443
73 74
73 76
73 78
73 86
73 261
73 356
73 435
73 443
74 76
74 78
74 86
74 261
74 356
74 435
74 443
75 77
75 79
75 155
75 189
75 215
75 254
75 458
76 78
76 80
76 100
76 159
76 178
76 435
76 443
77 79
77 155
77 189
77 215
77 254
78 86
78 261
78 356
78 435
78 443
79 155
79 189
79 215
79 222
79 254
80 81
80 82
80 100
80 156
80 157
80 158
80 159
80 178
80 421
81 82
81 83
81 84
81 90
81 100
81 158
81 159
81 421
82 83
82 84
82 90
82 100
82 158
82 159
83 84
83 90
83 140
83 141
83 142
83 153
83 259
83 429
84 90
84 141
84 153
84 259
84 263
84 264
84 265
84 429
85 86
85 87
85 88
85 89
85 98
85 217
85 356
85 418
86 261
86 356
86 435
86 443
87 88
87 89
87 91
87 98
87 191
87 217
87 418
88 89
88 98
88 191
88 206
88 217
88 252
88 418
89 98
89 191
89 206
89 207
89 217
89 252
89 418
90 141
90 153
90 259
90 263
90 264
90 265
90 429
91 92
91 93
91 94
91 96
91 97
91 191
91 213
91 409
92 93
92 94
92 114
92 115
92 124
92 191
92 241
92 409
92 445
93 94
93 96
93 97
93 99
93 213
93 409
94 99
94 114
94 115
94 241
94 409
94 445
95 177
95 385
95 389
95 393
95 481
96 97
96 117
96 118
96 213
96 224
96 225
97 99
97 101
97 117
97 179
97 213
97 221
97 224
97 416
98 206
98 217
98 252
98 356
98 418
99 101
99 179
99 221
99 241
99 445
100 158
100 159
100 178
100 421
101 102
101 138
101 160
101 179
101 221
101 416
102 103
102 104
102 111
102 116
102 138
102 160
102 179
102 221
103 104
103 105
103 106
103 110
103 111
103 116
103 138
103 160
103 216
103 419
104 111
104 116
104 138
104 179
104 221
104 419
105 106
105 107
105 108
105 110
105 111
105 113
105 216
105 362
105 419
105 440
106 110
106 111
106 116
106 216
106 419
107 108
107 109
107 113
107 138
107 160
107 216
107 362
107 440
107 444
108 109
108 112
108 113
108 160
108 362
108 440
108 444
109 112
109 113
109 160
109 223
109 362
109 416
109 444
110 111
110 116
110 216
110 419
111 116
111 138
111 160
111 216
111 419
112 113
112 125
112 126
112 362
112 440
112 444
112 480
113 138
113 160
113 216
113 362
113 440
113 444
114 115
114 124
114 129
114 195
114 242
114 409
114 445
114 478
115 122
115 123
115 124
115 129
115 409
115 438
115 478
116 138
116 216
116 419
117 118
117 120
117 121
117 213
117 223
117 224
117 225
117 226
117 416
118 119
118 120
118 137
118 213
118 224
118 225
118 255
119 120
119 121
119 131
119 137
119 192
119 213
119 225
119 255
120 121
120 131
120 137
120 192
120 225
120 226
120 253
120 255
121 131
121 132
121 137
121 192
121 225
121 226
121 253
121 255
122 123
122 124
122 129
122 195
122 209
122 410
122 437
122 438
122 453
122 478
123 124
123 129
123 195
123 209
123 252
123 410
123 437
123 438
123 453
123 478
124 129
124 195
124 209
124 410
124 438
124 478
125 126
125 127
125 128
125 130
125 165
125 212
125 480
126 127
126 128
126 130
126 212
126 444
126 480
127 128
127 130
127 165
127 172
127 212
127 480
128 130
128 165
128 172
128 212
128 219
128 480
129 195
129 209
129 410
129 437
129 438
129 478
130 163
130 165
130 172
130 212
130 480
131 132
131 137
131 192
131 255
131 256
131 413
132 133
132 137
132 192
132 255
132 413
133 134
133 135
133 136
133 139
133 257
133 258
133 360
133 417
134 135
134 136
134 139
134 161
134 163
134 181
134 219
134 258
134 417
135 136
135 139
135 161
135 219
135 257
135 258
135 360
135 417
136 139
136 161
136 219
136 257
136 258
136 360
136 417
137 192
137 255
137 256
137 413
138 160
138 221
138 362
139 161
139 163
139 181
139 219
139 258
139 360
139 417
140 141
140 142
140 153
140 190
140 193
140 194
140 259
140 282
140 305
140 408
141 153
141 259
141 274
141 282
141 408
141 429
142 143
142 153
142 190
142 193
142 194
142 200
142 282
142 408
143 144
143 147
143 152
143 190
143 193
143 194
143 199
143 200
143 220
143 423
143 476
144 145
144 147
144 152
144 190
144 196
144 199
144 200
144 220
144 423
144 476
145 146
145 147
145 152
145 196
145 220
145 248
145 415
146 147
146 148
146 151
146 196
146 247
146 248
146 249
146 250
146 415
147 152
147 196
147 199
147 220
147 415
147 476
148 149
148 150
148 151
148 154
148 196
148 248
148 414
148 415
149 150
149 151
149 154
149 169
149 218
149 414
149 424
150 151
150 154
150 169
150 218
150 414
150 424
151 154
151 218
151 414
151 424
152 199
152 200
152 220
152 423
152 476
153 259
153 274
153 282
153 408
153 429
154 169
154 218
154 257
154 414
154 424
155 156
155 189
155 254
155 458
156 157
156 159
156 178
156 254
156 421
156 458
157 158
157 159
157 178
157 263
157 421
157 427
157 458
158 159
158 178
158 421
159 178
159 421
160 362
160 416
161 162
161 163
161 165
161 172
161 181
161 212
161 219
161 258
161 417
161 439
161 454
162 163
162 164
162 166
162 181
162 198
162 258
162 262
162 439
162 454
163 164
163 165
163 172
163 181
163 212
163 219
163 439
163 454
164 165
164 172
164 181
164 262
164 439
164 454
165 172
165 181
165 212
165 219
165 439
165 480
166 167
166 168
166 170
166 197
166 198
166 262
166 454
167 168
167 169
167 170
167 171
167 180
167 424
168 170
168 171
168 180
168 197
168 198
168 204
168 428
169 182
169 183
169 184
169 187
169 188
169 218
169 251
169 424
170 171
170 180
170 197
170 198
170 204
170 428
171 173
171 174
171 175
171 176
171 180
171 183
171 204
171 251
171 428
172 181
172 212
172 219
172 439
173 174
173 175
173 176
173 180
173 183
173 184
173 187
173 204
173 251
173 412
173 428
174 175
174 176
174 180
174 251
174 346
174 412
174 425
174 428
175 176
175 180
175 251
175 346
175 349
175 412
175 425
176 180
176 251
176 412
176 425
176 428
177 389
177 393
177 481
178 421
178 443
178 458
179 221
179 241
179 445
180 183
180 204
180 251
180 428
181 219
181 258
181 262
181 439
181 454
182 183
182 184
182 185
182 186
182 187
182 188
182 203
182 205
182 218
182 251
183 184
183 186
183 187
183 188
183 205
183 218
183 251
183 424
184 186
184 187
184 188
184 205
184 218
184 251
184 424
185 186
185 187
185 188
185 201
185 202
185 203
185 205
186 187
186 188
186 201
186 202
186 203
186 205
186 251
186 346
187 188
187 203
187 205
187 218
187 251
187 412
188 203
188 205
188 218
188 251
189 254
189 458
190 193
190 194
190 200
190 220
190 423
191 217
191 409
191 418
192 253
192 255
193 194
193 200
193 220
194 200
194 220
194 305
194 423
195 227
195 410
195 420
195 478
196 247
196 248
196 249
196 250
196 415
197 198
197 204
197 262
197 428
198 262
198 454
199 200
199 220
199 423
199 476
200 220
200 423
200 476
201 202
201 203
201 205
201 346
201 348
201 349
201 355
202 203
202 205
202 346
202 347
202 348
202 349
202 350
202 355
202 412
203 205
204 428
206 207
206 211
206 252
206 418
207 208
207 209
207 211
207 252
207 418
207 453
208 210
208 211
208 215
208 222
209 252
209 410
209 437
209 438
209 453
210 215
210 222
210 389
210 393
211 222
211 252
211 418
212 219
212 480
213 224
214 244
214 260
215 222
216 362
216 419
217 418
218 424
219 258
219 417
220 423
220 476
221 241
223 224
223 225
223 226
223 253
223 416
223 480
224 225
224 416
225 226
225 253
226 253
226 417
227 228
227 229
227 230
227 233
227 234
227 236
227 246
227 420
227 433
228 229
228 231
228 232
228 233
228 234
228 236
228 238
228 245
228 246
228 420
229 230
229 234
229 236
229 246
229 260
229 420
229 433
230 244
230 260
230 433
230 477
231 232
231 233
231 235
231 236
231 237
231 238
231 239
231 242
231 243
231 245
231 246
231 363
232 233
232 235
232 236
232 237
232 238
232 246
232 363
233 236
233 238
233 242
233 245
233 246
233 363
233 420
234 236
234 246
234 260
234 420
234 433
235 236
235 237
235 238
235 239
235 243
235 245
235 363
236 238
236 246
236 420
237 238
237 239
237 243
237 245
237 363
238 246
238 363
239 240
239 243
239 245
239 363
240 241
240 242
240 243
240 245
240 363
240 445
241 242
241 409
241 445
242 243
242 245
242 363
242 445
243 245
243 363
244 477
245 363
246 420
246 433
247 248
247 249
247 250
247 256
247 413
247 415
248 249
248 250
248 256
248 413
248 415
249 250
249 256
249 413
249 415
250 256
250 415
251 412
252 418
252 438
252 453
253 417
254 458
255 256
255 413
256 413
257 258
257 360
257 413
257 414
258 360
258 417
259 274
259 282
259 288
259 408
259 429
260 433
261 356
261 435
262 439
262 454
263 264
263 265
263 267
263 314
263 394
263 427
264 265
264 267
264 314
264 394
264 427
265 266
265 267
265 292
265 314
265 352
265 394
265 429
266 267
266 268
266 292
266 314
266 352
266 357
267 292
267 314
267 352
267 394
268 269
268 283
268 284
268 285
268 289
268 304
268 352
268 359
269 270
269 273
269 288
269 289
269 304
269 315
269 442
270 271
270 272
270 286
270 289
270 303
270 304
270 315
270 395
270 434
270 442
271 272
271 286
271 303
271 315
271 316
271 317
271 318
271 337
271 395
271 442
272 286
272 303
272 316
272 317
272 318
272 337
272 395
272 396
272 434
272 442
273 274
273 275
273 288
273 304
273 315
273 361
274 288
274 292
274 429
275 276
275 277
275 293
275 315
275 361
275 431
275 464
276 277
276 278
276 279
276 281
276 287
276 293
276 299
276 354
276 431
276 464
277 281
277 293
277 302
277 361
277 431
277 464
278 279
278 282
278 299
278 305
278 354
278 408
278 431
279 280
279 281
279 287
279 299
279 321
279 354
280 281
280 287
280 301
280 320
280 321
280 342
280 402
280 403
281 287
281 293
281 301
281 302
281 321
281 403
281 464
282 299
282 305
282 354
282 408
283 284
283 285
283 290
283 291
283 294
283 306
283 353
283 359
283 365
283 457
284 285
284 289
284 290
284 291
284 294
284 306
284 353
284 359
284 365
285 291
285 294
285 357
285 364
285 365
285 447
285 457
286 295
286 316
286 318
286 395
286 400
286 434
286 442
286 473
287 301
287 302
287 320
287 321
287 342
287 402
287 403
288 292
288 304
288 352
289 304
289 359
289 434
289 442
290 291
290 294
290 306
290 353
290 359
290 365
290 441
290 455
290 456
290 457
290 460
290 479
291 294
291 306
291 353
291 359
291 365
291 457
292 314
292 352
293 302
293 303
293 315
293 361
293 431
293 464
294 353
294 357
294 364
294 365
294 366
294 446
294 447
294 457
294 479
295 296
295 297
295 298
295 300
295 332
295 345
295 400
295 434
295 473
296 297
296 298
296 300
296 307
296 313
296 319
296 332
296 345
296 351
296 432
296 441
297 298
297 300
297 322
297 332
297 344
297 345
297 400
297 401
297 462
298 300
298 313
298 332
298 344
298 345
298 400
298 401
298 462
299 305
299 354
299 408
299 431
300 307
300 313
300 332
300 345
300 351
300 432
300 441
301 302
301 320
301 321
301 342
301 402
301 403
302 403
302 464
303 315
303 318
303 361
303 395
303 442
304 315
304 442
305 354
305 408
306 307
306 353
306 359
306 432
306 441
307 308
307 313
307 351
307 432
307 441
308 309
308 310
308 311
308 312
308 313
308 319
308 338
308 351
308 397
309 310
309 311
309 312
309 313
309 319
309 338
309 351
309 397
310 311
310 312
310 319
310 329
310 331
310 338
310 341
310 397
310 398
311 312
311 319
311 329
311 331
311 338
311 341
311 397
311 398
312 313
312 319
312 338
312 351
312 397
313 319
313 332
313 345
313 351
313 397
313 432
313 462
314 352
314 357
314 364
314 371
314 394
315 361
315 395
315 442
316 317
316 318
316 337
316 395
316 396
316 400
316 473
317 318
317 337
317 395
317 396
317 473
318 337
318 395
318 396
318 442
319 323
319 351
319 397
320 321
320 342
320 402
320 403
321 342
321 402
321 403
322 323
322 324
322 332
322 344
322 345
322 401
322 462
323 324
323 325
323 330
323 343
323 397
323 462
324 325
324 330
324 343
324 397
324 462
325 326
325 327
325 330
325 339
325 340
325 343
325 397
325 463
326 327
326 328
326 330
326 339
326 340
326 343
326 397
326 463
327 328
327 330
327 339
327 340
327 463
328 329
328 331
328 338
328 340
328 341
329 331
329 333
329 334
329 335
329 336
329 338
329 341
329 398
330 339
330 340
330 343
330 397
330 463
331 333
331 334
331 336
331 338
331 341
331 398
332 344
332 345
332 401
332 462
333 334
333 335
333 336
333 341
333 398
333 467
333 468
333 469
333 470
333 474
334 335
334 336
334 341
334 398
334 467
334 468
334 469
334 470
334 474
335 336
335 341
335 398
335 467
335 468
335 469
335 470
335 474
336 341
336 398
336 467
336 468
336 469
336 470
336 474
337 396
337 473
338 341
338 398
339 340
339 343
339 397
339 463
340 397
340 463
341 398
341 468
342 402
342 403
343 463
344 345
344 401
344 462
345 401
345 462
346 347
346 348
346 349
346 350
346 355
346 412
346 425
347 348
347 349
347 350
347 355
347 425
348 349
348 350
348 355
348 412
348 425
349 350
349 355
349 412
349 425
350 355
350 412
350 425
351 397
351 432
351 441
352 357
353 365
353 446
353 448
353 455
353 456
353 457
353 460
353 479
354 431
355 412
355 425
356 443
357 364
357 365
357 447
358 406
358 430
360 414
361 431
361 464
362 440
362 444
364 365
364 366
364 371
364 394
364 447
364 457
365 366
365 447
365 457
366 367
366 371
366 387
366 446
366 447
366 451
366 452
366 457
367 368
367 369
367 370
367 371
367 387
367 392
367 426
367 436
368 369
368 370
368 371
368 387
368 392
368 426
368 436
369 370
369 372
369 376
369 380
369 387
369 426
369 436
369 450
370 371
370 387
370 392
370 426
370 436
371 387
371 392
371 394
371 447
372 373
372 374
372 376
372 380
372 381
372 384
372 386
372 390
372 391
372 411
372 422
372 450
373 374
373 375
373 376
373 377
373 380
373 381
373 384
373 390
373 391
373 422
373 450
374 376
374 381
374 383
374 384
374 386
374 390
374 391
374 411
375 376
375 377
375 378
375 380
375 381
375 391
375 422
375 450
375 461
376 380
376 381
376 384
376 386
376 390
376 391
376 411
376 422
376 450
377 378
377 380
377 381
377 391
377 422
377 450
377 485
378 379
378 381
378 382
378 391
378 422
378 482
378 484
378 485
378 496
378 498
379 381
379 382
379 391
379 484
379 496
379 498
380 381
380 422
380 449
380 450
380 451
380 461
381 384
381 391
381 422
381 450
382 391
382 484
382 496
382 498
383 384
383 385
383 386
383 388
383 389
383 390
383 411
384 386
384 390
384 391
384 411
385 481
386 388
386 390
386 411
387 392
387 436
387 451
387 452
388 389
388 390
388 393
388 411
389 393
389 481
390 411
391 422
391 484
391 496
391 498
392 394
392 426
392 427
392 436
393 481
394 427
395 442
396 400
396 473
398 468
399 466
399 471
399 472
400 434
400 473
401 462
402 403
404 465
404 466
404 471
405 406
405 407
405 430
405 495
406 407
406 430
406 472
407 472
407 492
407 493
407 497
409 445
410 437
410 438
410 453
410 478
412 425
414 424
420 433
421 458
422 450
422 461
423 476
426 427
426 436
427 436
427 458
431 464
432 441
434 442
435 443
437 438
437 453
437 478
438 453
438 478
439 454
440 444
444 480
446 447
446 448
446 449
446 451
446 452
446 455
446 456
446 457
446 459
446 460
446 479
447 448
447 452
447 457
448 449
448 451
448 452
448 455
448 456
448 457
448 459
448 460
448 479
449 450
449 451
449 452
449 459
449 461
450 451
450 461
451 452
451 459
451 461
452 459
452 461
455 456
455 457
455 460
455 479
456 457
456 460
456 479
457 460
457 479
459 460
459 461
459 479
460 479
465 466
465 471
466 471
467 468
467 469
467 470
467 474
468 470
468 474
469 470
469 474
470 474
472 493
472 497
482 483
482 485
482 486
482 496
482 498
482 499
483 484
483 485
483 486
483 487
483 488
483 489
483 496
483 498
483 499
484 496
484 498
485 486
485 496
485 498
486 487
486 496
486 499
487 488
487 489
487 494
487 499
488 489
488 490
488 491
488 494
489 491
489 494
490 491
490 492
490 494
490 495
490 497
491 494
491 495
492 493
492 495
492 497
493 497
495 497
496 498
