0 1
0 2
0 3
0 4
0 5
0 28
1 2
1 3
1 28
2 3
2 4
2 28
3 28
4 5
4 6
4 28
5 6
5 28
6 7
6 8
7 8
7 10
8 9
8 10
9 10
9 11
10 30
11 12
11 17
11 23
12 13
12 17
12 23
13 14
13 15
13 16
13 17
13 18
14 15
14 16
14 24
14 25
14 29
15 16
15 24
15 25
15 29
16 18
17 23
18 19
18 21
18 26
19 20
19 21
19 22
19 26
19 27
20 21
20 22
20 27
21 22
22 26
22 27
24 25
24 29
25 29
26 36
26 37
27 35
27 36
30 31
30 32
30 33
31 32
31 33
31 34
32 33
32 34
32 38
33 34
34 38
35 36
35 37
36 37
38 39
